Factor 4:
	snapshot - /sheard/googleDrive/Master/runs/server/Wgan/random_mask_rv_Nov17/IXI/random_mask_factor4_D1/model.ckpt-780000

On 20 examples from train
Version - 
TPR  = 1.000000, 0.000000 ||| [ 1.  1.  1.  1.] , [ 0.  0.  0.  0.]
FPR  = 0.000000, 0.000000 ||| [ 0.  0.  0.  0.] , [ 0.  0.  0.  0.]
DICE = 1.000000, 0.000000 ||| [ 1.  1.  1.  1.] , [ 0.  0.  0.  0.]

Version - _zeroPadding
TPR  = 0.943683, 0.020355 ||| [ 0.94496595  0.95298661  0.92478059  0.95199712] , [ 0.03323259  0.0139001   0.0195301   0.0147553 ]
FPR  = 0.056317, 0.020355 ||| [ 0.05503405  0.04701339  0.07521941  0.04800288] , [ 0.03323259  0.0139001   0.0195301   0.0147553 ]
DICE = 0.729569, 0.072393 ||| [ 0.96333807  0.61758324  0.63020739  0.70714852] , [ 0.02213962  0.07844137  0.07191637  0.1170742 ]

Version - _predict
TPR  = 0.979942, 0.007863 ||| [ 0.98522208  0.98163515  0.97044293  0.98246643] , [ 0.00651176  0.00521625  0.01097958  0.00874495]
FPR  = 0.020058, 0.007863 ||| [ 0.01477792  0.01836485  0.02955707  0.01753357] , [ 0.00651176  0.00521625  0.01097958  0.00874495]
DICE = 0.882701, 0.065125 ||| [ 0.99042424  0.81958123  0.83858971  0.88221023] , [ 0.00410127  0.05810809  0.07631128  0.12197923]