Results from 25.11.2017
Data IXI - only subset, 100 cases, 9300 examples:
################################################## Random mask Factor 2 ###########################################################

Zero Padding:
MSE-ZERO = 40.933117
PSNR-MEAN-ZERO = 32.044051 [dB]
PSNR-STD-ZERO = 2.616529 [dB]


CS-MRI:
PSNR-MEAN-CS: 39.053116462365587
PSNR-STD-CS: 2.4794522695215253


1. random_mask_factor2_D1_batchSize
	snapshot - /sheard/googleDrive/Master/runs/server/Wgan/random_mask_rv_Nov17/IXI/factor2/random_mask_factor2_D1_batchSize/model.ckpt-450000

	MSE-PROPOSED = 7.589180
	PSNR-MEAN-PROPOSED = 39.362851 [dB]
	PSNR-STD-PROPOSED = 2.458709 [dB]

	Version - _CS
	TPR  = 0.985895, 0.006889 ||| [ 0.98462803  0.98602288  0.98230581  0.99062317] , [ 0.00861036  0.00481852  0.0080191   0.00610854]
	FPR  = 0.014105, 0.006889 ||| [ 0.01537197  0.01397712  0.01769419  0.00937683] , [ 0.00861036  0.00481852  0.0080191   0.00610854]
	DICE = 0.927729, 0.032340 ||| [ 0.98988339  0.86894434  0.91005747  0.94203176] , [ 0.0058128   0.03328238  0.03822238  0.0520419 ]

	Version - _zeroPadding
	TPR  = 0.975574, 0.009808 ||| [ 0.97690974  0.97865098  0.96621059  0.98052513] , [ 0.01019998  0.00715369  0.01231287  0.00956658]
	FPR  = 0.024426, 0.009808 ||| [ 0.02309026  0.02134902  0.03378941  0.01947487] , [ 0.01019998  0.00715369  0.01231287  0.00956658]
	DICE = 0.872542, 0.048382 ||| [ 0.98480919  0.79623873  0.82631504  0.88280617] , [ 0.00688572  0.05109068  0.05542811  0.08012266]

	Version - _predict
	TPR  = 0.988668, 0.005589 ||| [ 0.98914722  0.98900323  0.98497015  0.99155065] , [ 0.00864608  0.00377425  0.00571327  0.00422077]
	FPR  = 0.011332, 0.005589 ||| [ 0.01085278  0.01099677  0.01502985  0.00844935] , [ 0.00864608  0.00377425  0.00571327  0.00422077]
	DICE = 0.939598, 0.024248 ||| [ 0.99290591  0.89413298  0.92181444  0.94953928] , [ 0.00554376  0.03238972  0.03119428  0.02786239]

2. random_mask_factor2_D1_only_L2
	snapshot - /sheard/googleDrive/Master/runs/server/Wgan/random_mask_rv_Nov17/IXI/factor2/random_mask_factor2_D1_only_L2/model.ckpt-150000
	
	MSE-PROPOSED = 8.291222
	PSNR-MEAN-PROPOSED = 38.978614 [dB]
	PSNR-STD-PROPOSED = 2.454584 [dB]

	TPR  = 0.988554, 0.004149 ||| [ 0.98973686  0.98871849  0.9844335   0.99132633] , [ 0.00553463  0.00318212  0.00472675  0.00315326]
	FPR  = 0.011446, 0.004149 ||| [ 0.01026314  0.01128151  0.0155665   0.00867367] , [ 0.00553463  0.00318212  0.00472675  0.00315326]
	DICE = 0.938187, 0.017793 ||| [ 0.99326524  0.89181516  0.91942831  0.94824127] , [ 0.00371998  0.02341968  0.02291264  0.02112113]